50 1000
42 47
1 15
14 29
32 34
19 20
1 33
40 41
8 34
15 47
14 32
3 6
6 15
16 33
16 28
30 32
14 37
8 46
13 49
15 42
26 45
18 23
22 44
20 35
6 13
1 28
20 39
46 48
26 50
21 37
16 34
35 41
20 34
16 47
11 25
19 47
7 46
12 18
18 24
17 18
35 47
5 21
25 41
3 41
23 28
8 19
2 31
8 47
22 47
20 47
28 37
18 35
10 20
19 39
6 35
16 43
20 36
42 48
16 35
16 36
26 28
2 23
13 26
11 41
24 33
37 48
4 18
43 46
10 15
23 36
16 25
11 19
46 49
8 16
19 29
22 46
21 45
21 47
3 35
14 39
9 22
1 37
2 25
21 23
20 44
8 21
9 20
12 13
11 22
30 37
36 50
4 17
1 20
14 50
20 43
25 26
12 43
26 42
24 25
25 49
14 30
10 45
4 11
18 39
25 46
24 39
8 22
16 48
16 17
15 35
1 21
38 50
16 37
2 44
18 46
5 24
14 33
1 27
17 46
30 47
31 44
19 44
41 49
32 44
3 29
24 48
24 43
16 23
15 33
13 33
12 15
3 20
36 49
20 49
22 34
22 32
15 24
2 45
6 36
1 10
18 27
10 40
39 48
3 36
17 30
21 50
12 19
1 29
22 48
3 16
45 47
22 23
23 39
3 7
21 42
37 40
29 33
11 44
18 22
9 30
30 34
41 48
12 26
33 39
25 28
6 26
17 34
7 9
8 32
34 42
10 47
31 47
7 34
13 27
3 14
28 38
3 37
15 17
39 41
36 41
23 34
2 27
23 46
16 38
4 35
11 21
13 50
3 5
26 33
4 46
16 22
24 27
4 7
2 13
19 21
43 47
7 43
8 23
6 28
16 46
8 48
23 26
16 24
17 19
4 20
19 35
14 28
10 46
6 39
16 49
8 26
36 42
19 24
3 42
18 20
32 38
14 46
1 34
39 40
11 15
5 32
14 24
3 8
12 44
20 40
28 39
16 29
34 39
6 16
24 49
13 20
15 25
13 14
2 46
1 45
22 37
22 40
20 29
1 50
34 49
5 19
13 31
38 47
26 38
17 28
15 50
25 50
1 41
21 44
23 33
16 27
41 43
8 38
19 31
15 44
2 11
16 39
1 42
38 43
24 44
34 37
15 27
6 43
13 32
18 21
11 34
4 10
7 38
1 12
5 13
8 27
9 11
24 40
10 28
5 44
8 24
31 48
38 44
13 21
21 22
26 36
39 50
19 37
5 28
22 41
7 25
6 42
6 31
8 25
5 12
2 32
5 20
21 34
8 37
19 34
10 33
27 48
31 41
24 41
36 48
4 29
1 4
6 44
32 35
14 34
12 28
4 30
9 48
14 35
23 27
3 27
7 16
21 26
30 35
16 40
14 15
2 47
25 48
21 48
10 34
1 47
31 43
20 45
29 35
8 10
11 20
5 17
2 21
6 45
34 35
43 45
10 48
1 22
9 42
10 30
15 16
31 45
19 36
38 41
9 47
9 16
1 46
22 45
2 48
32 42
6 40
16 41
2 34
3 23
9 37
16 50
4 22
5 29
5 33
39 42
13 28
22 24
3 43
19 46
34 38
4 13
19 22
11 27
4 32
2 6
24 35
20 27
1 30
9 50
22 49
10 35
26 29
24 38
5 14
30 33
24 28
15 36
10 49
35 40
19 23
28 40
13 35
24 45
42 49
25 37
22 33
16 45
12 35
35 48
4 50
13 18
1 48
32 49
28 43
5 34
36 39
21 29
37 38
38 42
3 38
19 42
12 34
44 47
14 21
23 30
29 34
9 15
6 17
9 12
6 25
28 33
3 30
21 28
21 30
6 18
11 49
13 44
25 30
37 45
11 12
34 40
10 50
16 30
26 40
8 42
23 35
28 44
2 33
25 45
25 38
5 23
15 18
8 33
8 28
39 44
43 48
3 21
7 36
5 35
16 18
18 36
3 28
25 31
10 42
32 48
38 45
32 50
9 43
22 35
28 45
28 50
23 29
5 22
10 16
14 18
18 33
5 11
8 12
21 24
1 43
4 25
38 46
16 26
12 38
6 37
19 25
16 31
13 22
41 50
29 40
39 43
17 31
2 7
28 48
35 44
36 38
25 42
27 38
11 13
17 27
18 43
9 13
7 26
33 40
26 30
29 48
18 37
2 4
6 38
7 10
2 49
10 36
8 43
24 34
34 36
15 41
9 32
12 29
2 30
8 39
7 8
4 23
40 49
11 50
38 48
32 45
9 25
29 32
21 32
28 34
11 14
11 16
3 24
24 46
11 23
42 50
17 35
39 49
1 23
26 47
9 21
6 41
7 29
19 26
37 50
4 26
6 49
11 28
21 49
8 40
21 43
1 26
12 45
20 24
12 36
11 17
19 48
31 36
5 31
12 14
21 25
21 46
33 47
32 37
11 47
7 41
30 44
2 42
10 13
43 49
41 47
20 42
6 12
6 33
11 18
7 42
14 36
18 38
20 37
8 11
48 49
12 39
8 35
12 41
5 18
29 42
35 39
27 37
22 25
6 22
5 36
13 29
32 40
5 45
9 17
11 36
13 34
8 13
18 31
34 47
7 31
17 24
21 41
17 48
33 45
1 25
29 43
10 43
19 32
13 48
19 50
24 42
46 50
1 35
4 37
5 10
31 37
5 27
38 49
20 48
11 29
7 27
3 9
11 24
13 19
15 43
33 34
47 49
34 46
13 47
34 43
4 38
4 14
17 36
30 39
1 13
23 37
21 38
15 20
13 15
7 18
7 14
4 48
7 11
11 38
9 10
16 19
7 15
14 31
18 30
33 35
42 43
29 41
3 10
10 21
11 26
18 45
6 32
15 28
15 19
27 46
11 45
26 31
36 37
2 40
24 29
2 12
26 44
11 30
16 44
6 14
25 27
34 41
10 37
3 17
8 29
26 46
19 30
20 41
11 31
5 38
20 46
10 17
4 16
24 30
28 35
15 37
13 23
1 14
47 50
2 8
37 39
15 46
37 41
30 42
23 40
20 50
33 46
19 27
4 36
17 21
36 43
33 37
13 30
8 17
42 44
30 45
5 25
23 31
14 38
16 42
33 36
3 44
45 48
4 19
39 47
27 42
20 30
11 37
36 44
25 43
13 16
30 49
11 39
14 42
28 46
6 34
4 12
22 50
29 30
8 14
11 32
24 47
8 15
36 46
4 15
10 44
26 34
8 41
2 17
7 19
39 45
2 18
14 40
2 19
5 37
12 46
40 50
37 46
28 47
33 43
22 38
11 33
31 39
5 46
30 40
21 36
12 20
3 11
14 41
10 18
10 31
30 36
2 35
19 40
33 38
5 47
3 22
21 27
19 28
4 39
33 41
22 26
9 39
10 27
30 43
15 34
26 41
28 41
13 24
23 32
22 42
7 20
5 39
21 39
17 25
4 31
9 33
2 41
6 46
35 46
12 25
17 47
32 39
18 49
9 18
25 34
35 42
12 16
11 35
15 38
22 27
11 40
8 44
44 48
30 50
4 21
19 38
24 50
37 42
2 5
13 25
25 29
12 21
25 32
12 17
39 46
32 46
30 41
1 31
3 18
32 47
17 29
27 34
25 33
4 40
6 24
19 33
2 14
25 35
3 39
22 29
11 43
14 47
3 13
15 31
13 45
6 47
3 40
5 42
8 18
8 30
25 36
4 24
28 36
14 43
21 31
33 42
14 25
19 41
1 24
17 32
14 45
17 49
10 14
10 24
23 45
22 28
40 42
33 44
11 42
2 15
17 33
34 50
21 35
21 33
12 22
7 12
43 50
20 38
17 20
11 46
1 38
8 31
15 32
30 31
33 48
4 42
23 38
10 19
26 32
24 31
1 17
11 48
12 30
14 44
23 41
7 24
4 27
26 48
4 28
16 32
40 43
28 42
12 42
24 36
17 50
40 44
40 45
22 30
23 42
15 21
1 49
31 38
34 44
21 40
22 36
33 49
28 49
15 39
10 32
23 24
10 38
12 23
2 20
33 50
40 46
34 45
4 8
3 12
22 31
7 28
25 39
18 50
5 26
8 20
9 34
31 46
6 30
12 24
17 22
1 44
34 48
22 43
35 36
35 37
10 29
23 25
27 41
4 47
9 31
4 33
41 44
22 39
19 43
4 34
17 23
18 19
1 32
27 36
26 49
28 31
4 41
15 40
12 27
9 28
26 43
30 38
5 30
3 32
6 48
29 31
7 45
7 13
15 29
4 43
4 44
30 46
29 49
2 3
3 48
8 36
5 40
3 15
37 43
35 43
10 39
18 40
14 48
12 31
12 32
7 30
8 45
16 20
32 41
23 43
40 47
26 35
20 31
7 32
31 50
43 44
2 22
4 5
6 23
17 37
12 33
14 16
12 37
10 22
15 30
20 32
19 45
27 44
23 47
23 44
29 39
5 41
7 17
12 40
23 48
24 37
27 39
40 48
12 47
23 49
25 47
13 36
12 48
12 49
23 50
